0.3854	0.5630  ==  0.4115  0.5320
740	608  ==  790  574
0.7786	0.0389  ==  0.7767  0.1408
1495	42  ==  1491  152
0.8438	0.1000  ==  0.8529  0.1710
1620	108  ==  1637  184
0.9339	0.1981  ==  0.8716  0.2380
1793	214  ==  1673  257
0.1552	0.1694  ==  0.1808  0.2135
298	183  ==  347  230
0.1479	0.2806  ==  0.1860  0.3378
284	303  ==  357  364
0.2568	0.3056  ==  0.2477  0.3575
493	330  ==  475  386
0.3802	0.3370  ==  0.3320  0.3260
730	364  ==  637  352
0.4615	0.3500  ==  0.4548  0.4003
886	378  ==  873  432
0.3281	0.4843  ==  0.3319  0.4870
630	523  ==  637  525
0.2557	0.5852  ==  0.3139  0.5456
491	632  ==  602  589
0.4505	0.6176  ==  0.4814  0.5816
865	667  ==  924  628
0.3870	0.0750  ==  0.3934  0.0951
743	81  ==  755  102
0.5068	0.0657  ==  0.5073  0.0998
972	71  ==  973  107
0.5427	0.1963  ==  0.5195  0.1986
1042	212  ==  997  214
0.1198	0.3843  ==  0.0609  0.3677
230	415  ==  116  397
0.1068	0.3046  ==  0.0869  0.3042
205	329  ==  166  328
0.0849	0.3759  ==  0.0003  0.3454
163	406  ==  0  373
0.0672	0.3111  ==  0.1049  0.3191
129	336  ==  201  344
0.0484	0.2769  ==  0.0648  0.3123
93	299  ==  124  337
0.1651	0.0296  ==  0.1978  0.0809
317	32  ==  379  87
0.0552	0.4000  ==  0.0655  0.3875
106	432  ==  125  418
0.0385	0.5296  ==  0.0917  0.4813
74	572  ==  176  519
0.0437	0.6120  ==  0.0603  0.5556
84	661  ==  115  600
0.0099	0.6213  ==  0.0842  0.5842
19	671  ==  161  630
0.0115	0.5500  ==  0.0761  0.5665
22	594  ==  146  611
0.0344	0.6361  ==  0.0875  0.5875
66	687  ==  168  634
0.0323	0.7380  ==  0.0657  0.6676
62	797  ==  126  720
0.1047	0.7435  ==  0.0978  0.6705
201	803  ==  187  724
0.0698	0.7019  ==  0.1203  0.6245
134	758  ==  230  674
0.1146	0.6028  ==  0.1083  0.6036
220	651  ==  207  651
0.0875	0.1546  ==  0.1272  0.1860
168	167  ==  244  200
0.0766	0.5944  ==  0.1247  0.5707
147	642  ==  239  616
0.1854	0.6843  ==  0.1331  0.6290
356	739  ==  255  679
0.9885	0.7296  ==  0.9362  0.7669
1898	788  ==  1797  828
0.9688	0.8315  ==  0.9103  0.8434
1860	898  ==  1747  910
0.9365	0.8509  ==  0.8717  0.8406
1798	919  ==  1673  907
0.9724	0.4056  ==  0.9084  0.4489
1867	438  ==  1744  484
0.9771	0.3176  ==  0.8730  0.3889
1876	343  ==  1676  419
0.8552	0.1093  ==  0.7514  0.2256
1642	118  ==  1442  243
0.8203	0.0907  ==  0.7463  0.1883
1575	98  ==  1432  203
0.7188	0.0648  ==  0.7200  0.1780
1380	70  ==  1382  192
0.4635	0.0972  ==  0.5030  0.1800
890	105  ==  965  194
0.4635	0.2028  ==  0.4336  0.2387
890	219  ==  832  257
0.2760	0.5907  ==  0.3075  0.5114
530	638  ==  590  552
0.6953	0.7972  ==  0.7086  0.7825
1335	861  ==  1360  845
0.7354	0.8333  ==  0.8032  0.7652
1412	900  ==  1542  826
0.7714	0.8556  ==  0.7598  0.8055
1481	924  ==  1458  869
0.5323	0.8120  ==  0.5920  0.7532
1022	877  ==  1136  813
0.4854	0.8000  ==  0.5121  0.7843
932	864  ==  983  847
0.4292	0.7713  ==  0.5033  0.7127
824	833  ==  966  769
0.1177	0.5898  ==  0.1824  0.5411
226	637  ==  350  584
0.3589	0.7500  ==  0.4401  0.7428
689	810  ==  845  802
0.3344	0.8287  ==  0.4326  0.7582
642	895  ==  830  818
0.2990	0.7250  ==  0.3832  0.6944
574	783  ==  735  749
0.3036	0.6741  ==  0.3818  0.6407
583	728  ==  733  691
0.2979	0.6296  ==  0.3896  0.5994
572	680  ==  747  647
0.3380	0.6102  ==  0.3887  0.6033
649	659  ==  746  651
0.3547	0.5824  ==  0.4023  0.6148
681	629  ==  772  663
0.0349	0.4056  ==  0.1028  0.4087
67	438  ==  197  441
0.4714	0.4657  ==  0.4836  0.4778
905	503  ==  928  516
0.3823	0.4278  ==  0.4344  0.4438
734	462  ==  834  479
0.3135	0.4583  ==  0.3077  0.4941
602	495  ==  590  533
0.2604	0.5250  ==  0.2459  0.5149
500	567  ==  472  556
0.2922	0.6648  ==  0.3100  0.6374
561	718  ==  595  688
0.5906	0.6370  ==  0.6184  0.6067
1134	688  ==  1187  655
0.6885	0.5685  ==  0.6986  0.5384
1322	614  ==  1341  581
0.7339	0.6139  ==  0.7213  0.5809
1409	663  ==  1384  627
0.9380	0.4611  ==  0.9091  0.4487
1801	498  ==  1745  484
0.7292	0.7389  ==  0.7518  0.7079
1400	798  ==  1443  764
0.7755	0.8120  ==  0.8014  0.7999
1489	877  ==  1538  863
0.7891	0.2898  ==  0.7814  0.3057
1515	313  ==  1500  330
0.6250	0.1861  ==  0.6739  0.2076
1200	201  ==  1293  224
0.9510	0.2815  ==  0.9221  0.4001
1826	304  ==  1770  432
0.7307	0.1130  ==  0.6766  0.2008
1403	122  ==  1299  216
0.3000	0.2056  ==  0.3174  0.2365
576	222  ==  609  255
0.6333	0.2093  ==  0.5856  0.2949
1216	226  ==  1124  318
0.7740	0.0435  ==  0.7115  0.0984
1486	47  ==  1366  106
0.9276	0.1704  ==  0.8764  0.1118
1781	184  ==  1682  120
0.2109	0.2269  ==  0.1744  0.1975
405	245  ==  334  213
0.3714	0.3222  ==  0.3762  0.3214
713	348  ==  722  347
0.4891	0.2991  ==  0.4778  0.3609
939	323  ==  917  389
0.6385	0.5639  ==  0.6480  0.5846
1226	609  ==  1244  631
0.4474	0.6269  ==  0.4255  0.6164
859	677  ==  816  665
0.2896	0.6250  ==  0.3199  0.6437
556	675  ==  614  695
0.2698	0.7481  ==  0.1958  0.7342
518	808  ==  375  792
0.1359	0.5407  ==  0.1613  0.5545
261	584  ==  309  598
0.0849	0.4278  ==  0.0671  0.4067
163	462  ==  128  439
0.1021	0.7769  ==  0.1518  0.7335
196	839  ==  291  792
0.2089	0.8185  ==  0.2238  0.7766
401	884  ==  429  838
0.7323	0.5157  ==  0.7142  0.5878
1406	557  ==  1371  634
0.8297	0.6157  ==  0.7600  0.6142
1593	665  ==  1459  663
0.8313	0.6926  ==  0.8523  0.6540
1596	747  ==  1636  706
0.3995	0.4185  ==  0.4513  0.4716
767	452  ==  866  509
0.9042	0.7806  ==  0.8535  0.7506
1736	843  ==  1638  810
0.4427	0.5843  ==  0.4240  0.5216
850	631  ==  814  563
0.2734	0.7491  ==  0.2354  0.7315
525	809  ==  451  790
0.4500	0.7083  ==  0.4593  0.6852
864	765  ==  881  739
0.4604	0.2528  ==  0.4259  0.2776
884	273  ==  817  299
0.5984	0.1241  ==  0.5931  0.4104
1149	134  ==  1138  443
0.6760	0.2213  ==  0.6555  0.3115
1298	239  ==  1258  336
0.7240	0.7759  ==  0.7297  0.7838
1390	838  ==  1400  846
0.2104	0.4787  ==  0.2206  0.4430
404	517  ==  423  478
0.2021	0.2750  ==  0.1633  0.2695
388	297  ==  313  291
0.6854	0.3130  ==  0.6473  0.3129
1316	338  ==  1242  337
0.4609	0.4954  ==  0.4701  0.4892
885	535  ==  902  528
0.0927	0.3694  ==  0.1116  0.3931
178	399  ==  214  424
0.5495	0.8426  ==  0.5536  0.7110
1055	910  ==  1062  767
0.7422	0.7130  ==  0.7373  0.6851
1425	769  ==  1415  739
0.8667	0.4009  ==  0.8771  0.4653
1664	433  ==  1683  502
0.9224	0.2361  ==  0.8672  0.3002
1771	255  ==  1665  324
0.8589	0.1583  ==  0.7742  0.2449
1649	171  ==  1486  264
0.5182	0.0759  ==  0.5265  0.1789
994	82  ==  1010  193
0.4125	0.7648  ==  0.4541  0.7588
792	826  ==  871  819
0.6578	0.3824  ==  0.6204  0.4149
1263	413  ==  1191  448
0.3833	0.3250  ==  0.3844  0.3839
736	351  ==  738  414
0.2083	0.0065  ==  0.2302  0.0443
400	7  ==  442  47
0.1974	0.0861  ==  0.2109  0.0923
379	93  ==  404  99
0.1677	0.2778  ==  0.1510  0.2647
322	300  ==  289  285
0.3036	0.3556  ==  0.2623  0.3644
583	384  ==  503  393
0.7495	0.4130  ==  0.7661  0.4556
1439	446  ==  1470  492
0.2292	0.5972  ==  0.2873  0.6088
440	645  ==  551  657
0.3729	0.8259  ==  0.4109  0.7776
716	892  ==  788  839
0.6677	0.0296  ==  0.7030  0.0581
1282	32  ==  1349  62
0.7953	0.0509  ==  0.8046  0.0690
1527	55  ==  1544  74
0.9646	0.2593  ==  0.9160  0.3623
1852	280  ==  1758  391
0.9964	0.5296  ==  0.9203  0.5590
1913	572  ==  1767  603
0.9995	0.6898  ==  0.9072  0.6958
1919	745  ==  1741  751
0.0193	0.3407  ==  0.0693  0.3069
37	368  ==  132  331
0.1203	0.2602  ==  0.0832  0.2327
231	281  ==  159  251
0.0401	0.0926  ==  0.0948  0.1472
77	100  ==  181  158
0.2604	0.0380  ==  0.1891  0.1369
500	41  ==  363  147
0.2224	0.3769  ==  0.1581  0.3866
427	407  ==  303  417
0.3281	0.6796  ==  0.3347  0.6812
630	734  ==  642  735
0.1448	0.8361  ==  0.1989  0.7896
278	903  ==  381  852
0.2906	0.8583  ==  0.2403  0.8127
558	927  ==  461  877
0.4208	0.8546  ==  0.4695  0.8106
808	923  ==  901  875
0.3839	0.1509  ==  0.3582  0.2171
737	163  ==  687  234
0.5859	0.8435  ==  0.6074  0.8513
1125	911  ==  1166  919
0.6755	0.8259  ==  0.6862  0.8051
1297	892  ==  1317  869
0.7844	0.7704  ==  0.8481  0.7181
1506	832  ==  1628  775
0.8172	0.6009  ==  0.7901  0.5934
1569	649  ==  1516  640
0.7427	0.3583  ==  0.7460  0.4111
1426	387  ==  1432  443
0.8120	0.2380  ==  0.7623  0.3140
1559	257  ==  1463  339
0.9375	0.3259  ==  0.8779  0.4059
1800	352  ==  1685  438
0.9531	0.4176  ==  0.8791  0.4918
1830	451  ==  1687  531
0.2911	0.2824  ==  0.3610  0.3238
559	305  ==  693  349
0.3755	0.4009  ==  0.3766  0.4304
721	433  ==  723  464
0.5906	0.7093  ==  0.5854  0.6578
1134	766  ==  1124  710
0.4026	0.7167  ==  0.4116  0.6343
773	774  ==  790  685
0.2656	0.4269  ==  0.3232  0.5357
510	461  ==  620  578
0.3797	0.7083  ==  0.3823  0.6561
729	765  ==  733  708
0.8922	0.1963  ==  0.8397  0.2937
1713	212  ==  1612  317
0.6937	0.0880  ==  0.6857  0.1814
1332	95  ==  1316  195
0.0958	0.5750  ==  0.1390  0.5297
184	621  ==  266  572
0.1625	0.7491  ==  0.1805  0.6967
312	809  ==  346  752
0.3224	0.8324  ==  0.3434  0.7540
619	899  ==  659  814
0.4344	0.1222  ==  0.3976  0.1406
834	132  ==  763  151
0.2005	0.2306  ==  0.2305  0.2365
385	249  ==  442  255
0.2078	0.0944  ==  0.2289  0.1442
399	102  ==  439  155
0.1016	0.2843  ==  0.1040  0.3179
195	307  ==  199  343
0.1052	0.4722  ==  0.1160  0.4538
202	510  ==  222  490
0.0448	0.7935  ==  0.1509  0.6476
86	857  ==  289  699
0.1802	0.3843  ==  0.1653  0.3553
346	415  ==  317  383
0.2672	0.6417  ==  0.2280  0.6750
513	693  ==  437  728
0.1562	0.6056  ==  0.2087  0.5993
300	654  ==  400  647
0.4964	0.4769  ==  0.4774  0.5430
953	515  ==  916  586
0.6828	0.5685  ==  0.6921  0.6484
1311	614  ==  1328  700
0.8219	0.6565  ==  0.7669  0.7033
1578	709  ==  1472  759
0.9094	0.3778  ==  0.9019  0.3682
1746	408  ==  1731  397
0.9677	0.2120  ==  0.9013  0.2505
1858	229  ==  1730  270
0.8615	0.0370  ==  0.8577  0.0554
1654	40  ==  1646  59
0.8151	0.1037  ==  0.8336  0.0499
1565	112  ==  1600  53
0.7677	0.0583  ==  0.7748  0.1024
1474	63  ==  1487  110
0.2505	0.7972  ==  0.2679  0.7521
481	861  ==  514  812
0.2042	0.8565  ==  0.1997  0.8180
392	925  ==  383  883
0.4750	0.8630  ==  0.4630  0.8408
912	932  ==  888  908
0.6380	0.8759  ==  0.6311  0.8726
1225	946  ==  1211  942
0.7365	0.5500  ==  0.7426  0.5156
1414	594  ==  1425  556
0.8896	0.2426  ==  0.8979  0.2248
1708	262  ==  1723  242
0.2354	0.3194  ==  0.2688  0.3043
452	345  ==  516  328
0.0917	0.4435  ==  0.0996  0.4643
176	479  ==  191  501
0.1703	0.6250  ==  0.1282  0.5584
327	675  ==  246  603
0.3568	0.4917  ==  0.3835  0.5238
685	531  ==  736  565
0.3688	0.1861  ==  0.3659  0.2058
708	201  ==  702  222
0.4958	0.2074  ==  0.4823  0.2263
952	224  ==  926  244
0.6620	0.4639  ==  0.6281  0.4890
1271	501  ==  1205  528
0.9276	0.7315  ==  0.8831  0.7200
1781	790  ==  1695  777
0.9818	0.8176  ==  0.9048  0.7807
1885	882  ==  1737  843
0.6146	0.1352  ==  0.6352  0.2000
1180	146  ==  1219  216
0.4859	0.3065  ==  0.5357  0.3746
933	331  ==  1028  404
0.4172	0.5241  ==  0.3826  0.5212
801	566  ==  734  562
0.3245	0.5204  ==  0.3543  0.5455
623	562  ==  680  589
0.2547	0.3250  ==  0.2660  0.3946
489	351  ==  510  426
0.5062	0.1593  ==  0.5355  0.2269
972	172  ==  1028  245
0.2349	0.1972  ==  0.2126  0.2617
451	213  ==  408  282
0.1630	0.3454  ==  0.1369  0.3500
313	373  ==  262  378
0.1661	0.4704  ==  0.1574  0.4635
319	508  ==  302  500
0.1510	0.5574  ==  0.1827  0.5630
290	602  ==  350  608
0.1172	0.2972  ==  0.1055  0.2837
225	321  ==  202  306
0.2411	0.7685  ==  0.2211  0.7025
463	830  ==  424  758
0.4031	0.8593  ==  0.3534  0.8041
774	928  ==  678  868
0.0818	0.7704  ==  0.2119  0.7583
157	832  ==  406  818
0.6969	0.2389  ==  0.6981  0.2347
1338	258  ==  1340  253
0.8250	0.2639  ==  0.8219  0.2265
1584	285  ==  1578  244
0.3995	0.3398  ==  0.3926  0.2933
767	367  ==  753  316
0.4370	0.0185  ==  0.4599  0.0956
839	20  ==  883  103
0.5411	0.0278  ==  0.5564  0.0970
1039	30  ==  1068  104
0.6302	0.0213  ==  0.6341  0.1198
1210	23  ==  1217  129
0.6943	0.0204  ==  0.7538  0.0820
1333	22  ==  1447  88
